0.00,9.00,7.00,7.00,7.00,0.00,-0.37,-0.08,bagus
0.00,9.00,7.00,7.00,7.00,0.99,-0.39,-0.08,bagus
0.00,9.00,7.00,7.00,7.00,0.99,-0.38,-0.08,bagus
0.00,9.00,7.00,7.00,7.00,0.99,-0.39,-0.09,bagus
0.00,9.00,7.00,7.00,7.00,0.97,-0.40,-0.09,bagus
0.00,9.00,6.00,7.00,7.00,0.04,-0.97,0.34,disana
0.00,9.00,6.00,7.00,7.00,0.01,-0.98,0.30,disana
0.00,9.00,6.00,7.00,7.00,-0.02,-0.98,0.29,disana
0.00,9.00,6.00,7.00,7.00,-0.02,-0.99,0.27,disana
0.00,9.00,6.00,7.00,7.00,-0.02,-0.99,0.27,disana
0.00,9.00,6.00,7.00,7.00,-0.02,-0.99,0.27,disana
2.00,9.00,6.00,7.00,7.00,-0.28,-0.99,0.07,a
3.00,9.00,6.00,7.00,7.00,-0.27,-0.99,0.07,a
2.00,9.00,6.00,7.00,7.00,-0.26,-0.00,0.06,a
3.00,9.00,6.00,7.00,7.00,-0.26,-0.00,0.05,a
2.00,9.00,6.00,7.00,7.00,-0.26,-0.00,0.05,a
2.00,9.00,6.00,7.00,7.00,-0.26,-0.99,0.05,a
3.00,9.00,6.00,7.00,7.00,-0.27,-0.99,0.05,a
3.00,9.00,6.00,7.00,7.00,-0.27,-0.99,0.05,a
3.00,9.00,6.00,7.00,7.00,-0.27,-0.99,0.05,a
3.00,9.00,6.00,7.00,7.00,-0.27,-0.99,0.05,a
2.00,9.00,7.00,7.00,7.00,-0.06,-0.07,0.95,n
2.00,9.00,7.00,7.00,7.00,-0.05,-0.08,0.95,n
2.00,9.00,7.00,7.00,7.00,-0.04,-0.08,0.96,n
2.00,9.00,7.00,7.00,7.00,-0.00,-0.09,0.97,n
2.00,9.00,6.00,7.00,7.00,-0.02,-0.07,0.95,n
2.00,9.00,6.00,7.00,7.00,-0.03,-0.08,0.95,n
2.00,9.00,6.00,7.00,7.00,-0.02,-0.09,0.95,n
6.00,6.00,0.00,1.00,2.00,-0.34,-0.94,0.18,b
6.00,6.00,0.00,1.00,2.00,-0.35,-0.94,0.18,b
6.00,6.00,0.00,1.00,2.00,-0.36,-0.95,0.11,b
6.00,6.00,0.00,1.00,2.00,-0.33,-0.96,0.07,b
6.00,6.00,0.00,1.00,2.00,-0.34,-0.97,0.10,b
6.00,6.00,0.00,1.00,2.00,-0.34,-0.97,0.06,b
6.00,6.00,0.00,1.00,2.00,-0.35,-0.97,0.07,b
5.00,8.00,6.00,6.00,3.00,-0.33,-0.96,-0.10,i
5.00,8.00,6.00,6.00,3.00,-0.32,-0.97,-0.04,i
5.00,8.00,6.00,6.00,3.00,-0.30,-0.98,-0.09,i
5.00,8.00,6.00,6.00,3.00,-0.35,-0.99,-0.01,i
5.00,9.00,6.00,6.00,3.00,-0.31,-0.99,-0.05,i
5.00,8.00,6.00,6.00,3.00,-0.31,-0.98,-0.07,i
5.00,8.00,6.00,6.00,3.00,-0.32,-0.99,-0.04,i
0.00,5.00,6.00,7.00,7.00,-0.32,-0.98,0.01,l
0.00,5.00,6.00,7.00,7.00,-0.31,-0.98,0.02,l
1.00,5.00,6.00,7.00,7.00,-0.31,-0.00,0.01,l
1.00,5.00,6.00,7.00,7.00,-0.31,-0.97,0.02,l
1.00,5.00,6.00,7.00,7.00,-0.31,-0.98,-0.03,l
1.00,5.00,6.00,7.00,7.00,-0.30,-0.98,0.01,l
1.00,5.00,6.00,7.00,7.00,-0.30,-0.99,-0.03,l
1.00,5.00,6.00,7.00,7.00,-0.30,-0.99,-0.03,l
1.00,5.00,6.00,7.00,7.00,-0.31,-0.99,-0.01,l
1.00,5.00,6.00,7.00,7.00,-0.29,-0.99,-0.02,l
1.00,5.00,6.00,7.00,7.00,-0.30,-0.00,-0.01,l
4.00,8.00,6.00,7.00,7.00,0.04,-0.18,0.95,m
4.00,8.00,6.00,7.00,7.00,0.03,-0.19,0.96,m
4.00,8.00,6.00,7.00,7.00,0.04,-0.16,0.96,m
4.00,8.00,6.00,7.00,7.00,0.02,-0.21,0.94,m
4.00,8.00,6.00,7.00,7.00,0.02,-0.25,0.94,m
4.00,8.00,6.00,7.00,7.00,0.00,-0.22,0.95,m
3.00,5.00,0.00,7.00,6.00,-0.10,-1.03,0.07,u
3.00,5.00,0.00,7.00,6.00,-0.09,-1.04,0.08,u
3.00,5.00,0.00,7.00,6.00,-0.10,-1.04,0.05,u
3.00,5.00,0.00,7.00,6.00,-0.11,-1.03,0.05,u
3.00,5.00,0.00,7.00,6.00,-0.11,-1.03,0.03,u
3.00,5.00,0.00,7.00,6.00,-0.11,-1.04,0.03,u
3.00,5.00,0.00,7.00,6.00,-0.12,-1.03,0.03,u
3.00,5.00,0.00,7.00,6.00,-0.13,-1.03,0.04,u
5.00,9.00,7.00,7.00,10.00,-0.28,-0.90,0.45,e
5.00,9.00,7.00,7.00,10.00,-0.31,-0.88,0.39,e
5.00,9.00,7.00,7.00,10.00,-0.31,-0.89,0.36,e
5.00,9.00,7.00,7.00,10.00,-0.33,-0.89,0.32,e
6.00,9.00,7.00,7.00,10.00,-0.23,-0.98,0.24,e
6.00,9.00,7.00,7.00,10.00,-0.16,-0.98,0.25,e
3.00,9.00,5.00,6.00,5.00,0.09,-1.03,0.12,o
3.00,9.00,5.00,6.00,5.00,0.08,-1.03,0.11,o
3.00,9.00,5.00,6.00,5.00,0.09,-1.04,0.10,o
3.00,9.00,5.00,6.00,5.00,0.09,-1.04,0.10,o
3.00,9.00,5.00,6.00,5.00,0.08,-1.04,0.10,o
2.00,6.00,6.00,7.00,7.00,0.19,0.38,0.85,q
2.00,6.00,6.00,7.00,7.00,0.15,0.41,0.85,q
3.00,6.00,6.00,7.00,7.00,0.17,0.38,0.86,q
3.00,6.00,6.00,7.00,7.00,0.21,0.34,0.86,q
3.00,6.00,6.00,7.00,7.00,0.21,0.38,0.86,q
3.00,6.00,6.00,7.00,7.00,0.20,0.37,0.85,q
2.00,4.00,0.00,7.00,6.00,-0.18,-0.99,0.25,v
2.00,4.00,0.00,7.00,6.00,-0.18,-0.97,0.28,v
2.00,4.00,0.00,7.00,6.00,-0.17,-0.98,0.26,v
2.00,4.00,0.00,7.00,6.00,-0.17,-0.98,0.24,v
2.00,4.00,0.00,7.00,6.00,-0.17,-0.98,0.24,v
2.00,4.00,0.00,7.00,6.00,-0.16,-0.98,0.25,v
2.00,4.00,0.00,7.00,6.00,-0.16,-0.99,0.24,v
3.00,5.00,0.00,3.00,7.00,0.22,-0.96,0.29,w
3.00,5.00,0.00,3.00,7.00,-0.10,-0.97,0.30,w
3.00,5.00,0.00,3.00,6.00,-0.13,-0.98,0.28,w
3.00,5.00,0.00,3.00,6.00,-0.12,-0.98,0.26,w
3.00,5.00,0.00,3.00,6.00,-0.11,-1.00,0.23,w
3.00,5.00,0.00,3.00,6.00,-0.11,-0.98,0.27,w
3.00,5.00,0.00,3.00,6.00,-0.12,-0.99,0.23,w
1.00,9.00,7.00,7.00,2.00,-0.06,-1.04,-0.03,y
1.00,9.00,7.00,7.00,2.00,-0.07,-1.05,-0.04,y
1.00,9.00,7.00,7.00,2.00,-0.04,-1.04,-0.06,y
1.00,9.00,7.00,7.00,2.00,-0.03,-1.05,-0.05,y
1.00,9.00,7.00,7.00,2.00,-0.04,-1.05,-0.05,y
1.00,9.00,7.00,7.00,2.00,-0.05,-1.05,-0.05,y
1.00,9.00,7.00,7.00,2.00,-0.04,-1.05,-0.06,y
1.00,9.00,7.00,7.00,2.00,-0.04,-1.05,-0.06,y
3.00,8.00,6.00,6.00,5.00,-0.05,-0.94,0.36,c
3.00,8.00,6.00,6.00,5.00,-0.05,-0.95,0.37,c
3.00,8.00,6.00,6.00,5.00,-0.04,-0.95,0.38,c
3.00,8.00,6.00,6.00,5.00,-0.05,-0.95,0.39,c
3.00,8.00,6.00,6.00,5.00,-0.04,-0.95,0.38,c
3.00,8.00,6.00,6.00,5.00,-0.04,-0.95,0.39,c
3.00,8.00,6.00,6.00,5.00,-0.05,-0.95,0.37,c
3.00,8.00,6.00,6.00,5.00,-0.05,-0.95,0.37,c
3.00,8.00,6.00,6.00,5.00,-0.05,-0.94,0.38,c
2.00,5.00,6.00,7.00,5.00,0.01,-1.02,0.19,d
2.00,5.00,6.00,7.00,5.00,0.00,-1.02,0.19,d
2.00,5.00,6.00,7.00,5.00,0.00,-1.02,0.19,d
2.00,5.00,6.00,7.00,5.00,-0.00,-1.02,0.19,d
2.00,5.00,6.00,7.00,5.00,-0.00,-1.02,0.19,d
2.00,5.00,6.00,7.00,5.00,-0.01,-1.02,0.18,d
2.00,5.00,6.00,7.00,5.00,-0.00,-1.02,0.18,d
2.00,5.00,6.00,7.00,5.00,-0.00,-1.02,0.18,d
2.00,5.00,6.00,7.00,5.00,-0.00,-1.02,0.18,d
2.00,5.00,6.00,7.00,5.00,-0.01,-1.03,0.17,d
1.00,5.00,2.00,3.00,3.00,0.83,-0.50,0.37,saya
1.00,5.00,2.00,3.00,3.00,0.84,-0.51,0.38,saya
1.00,5.00,2.00,3.00,3.00,0.83,-0.51,0.37,saya
1.00,5.00,2.00,3.00,3.00,0.84,-0.50,0.37,saya
1.00,5.00,2.00,3.00,3.00,0.83,-0.51,0.37,saya
1.00,5.00,2.00,3.00,3.00,0.83,-0.50,0.38,saya
1.00,5.00,2.00,3.00,3.00,0.83,-0.51,0.36,saya
1.00,5.00,2.00,3.00,3.00,0.83,-0.50,0.37,saya
1.00,5.00,7.00,7.00,8.00,0.72,-0.51,0.53,saya
1.00,5.00,7.00,7.00,8.00,0.72,-0.52,0.53,saya
1.00,5.00,7.00,7.00,8.00,0.72,-0.52,0.52,saya
1.00,5.00,7.00,7.00,7.00,0.77,-0.56,0.42,saya
1.00,5.00,7.00,7.00,7.00,0.78,-0.56,0.43,saya
1.00,5.00,7.00,7.00,7.00,0.77,-0.57,0.41,saya
1.00,5.00,7.00,7.00,7.00,0.75,-0.56,0.44,saya
1.00,5.00,7.00,7.00,7.00,0.76,-0.57,0.43,saya
5.00,10.00,6.00,7.00,7.00,-0.33,-0.98,0.01,s
5.00,10.00,6.00,7.00,7.00,-0.33,-0.98,0.02,s
5.00,10.00,6.00,7.00,7.00,-0.34,-0.98,0.03,s
5.00,10.00,6.00,7.00,7.00,-0.34,-0.96,0.04,s
5.00,10.00,6.00,7.00,7.00,-0.33,-0.97,0.06,s
5.00,10.00,6.00,7.00,7.00,-0.33,-0.97,0.06,s
5.00,10.00,6.00,7.00,7.00,-0.34,-0.97,0.06,s
5.00,10.00,6.00,7.00,7.00,-0.34,-0.97,0.06,s
1.00,5.00,6.00,7.00,6.00,0.23,-0.30,0.90,kamu
1.00,5.00,6.00,7.00,7.00,0.09,-0.20,0.96,kamu
1.00,5.00,6.00,7.00,7.00,0.12,-0.19,0.94,kamu
1.00,5.00,6.00,7.00,7.00,0.07,-0.05,1.03,kamu
1.00,5.00,6.00,7.00,7.00,0.15,-0.26,0.93,kamu
1.00,5.00,6.00,7.00,7.00,0.12,-0.28,0.93,kamu
1.00,5.00,6.00,7.00,7.00,0.15,-0.24,0.94,kamu
1.00,5.00,6.00,7.00,7.00,0.15,-0.25,0.94,kamu
1.00,5.00,6.00,7.00,7.00,0.15,-0.27,0.93,kamu
3.00,8.00,6.00,6.00,2.00,-0.34,-0.91,0.25,j
3.00,8.00,6.00,6.00,2.00,-0.25,-0.85,-0.38,j
3.00,8.00,6.00,6.00,2.00,-0.56,-0.80,0.05,j
3.00,8.00,6.00,6.00,2.00,-0.75,-0.79,0.22,j
3.00,8.00,6.00,6.00,2.00,-0.48,-0.69,0.55,j
3.00,9.00,6.00,6.00,2.00,-0.10,-0.71,0.68,j
3.00,8.00,6.00,6.00,2.00,-0.09,-0.75,0.67,j
3.00,8.00,6.00,6.00,2.00,0.05,-0.63,0.71,j
3.00,8.00,6.00,6.00,2.00,0.11,-0.56,0.83,j
3.00,8.00,6.00,6.00,2.00,-0.05,-0.55,0.79,j
3.00,7.00,4.00,5.00,2.00,0.20,-0.49,0.84,j
0.00,5.00,6.00,7.00,7.00,-0.07,-0.84,0.55,melihat
0.00,5.00,7.00,7.00,7.00,-0.01,-0.82,0.60,melihat
0.00,5.00,6.00,7.00,7.00,-0.05,-0.84,0.56,melihat
0.00,5.00,6.00,7.00,7.00,-0.06,-0.84,0.56,melihat
0.00,5.00,6.00,7.00,7.00,-0.05,-0.84,0.55,melihat
0.00,5.00,6.00,7.00,7.00,-0.06,-0.84,0.55,melihat
0.00,5.00,6.00,7.00,7.00,-0.05,-0.85,0.56,melihat
0.00,9.00,7.00,6.00,5.00,-0.07,-0.63,0.78,cinta
0.00,9.00,6.00,6.00,5.00,-0.14,-0.58,0.78,cinta
0.00,9.00,6.00,6.00,5.00,-0.11,-0.62,0.76,cinta
0.00,9.00,7.00,6.00,5.00,-0.09,-0.65,0.76,cinta
0.00,9.00,6.00,6.00,5.00,-0.07,-0.63,0.76,cinta
0.00,9.00,6.00,6.00,5.00,-0.04,-0.58,0.79,cinta
0.00,10.00,6.00,6.00,5.00,-0.01,-0.60,0.80,cinta
0.00,8.00,6.00,6.00,5.00,-0.02,-0.59,0.81,cinta
0.00,8.00,6.00,6.00,5.00,-0.03,-0.59,0.78,cinta
0.00,9.00,6.00,6.00,3.00,0.84,-0.59,0.19,telepon
0.00,9.00,6.00,6.00,3.00,0.88,-0.63,0.08,telepon
0.00,9.00,6.00,6.00,3.00,0.78,-0.63,0.32,telepon
0.00,9.00,6.00,6.00,3.00,0.75,-0.65,0.36,telepon
0.00,9.00,6.00,6.00,3.00,0.91,-0.64,0.27,telepon
0.00,9.00,6.00,6.00,3.00,0.76,-0.66,0.31,telepon
0.00,9.00,6.00,6.00,3.00,0.83,-0.58,0.29,telepon
0.00,5.00,6.00,7.00,2.00,-0.04,-0.20,0.95,pesawat
0.00,5.00,6.00,7.00,2.00,-0.02,-0.21,0.95,pesawat
0.00,5.00,6.00,7.00,2.00,-0.08,-0.20,0.94,pesawat
0.00,5.00,6.00,7.00,2.00,-0.01,-0.24,0.94,pesawat
0.00,5.00,6.00,7.00,2.00,-0.08,-0.21,0.94,pesawat
0.00,5.00,6.00,6.00,2.00,0.01,-0.23,0.96,pesawat
0.00,5.00,6.00,6.00,2.00,-0.07,-0.21,0.93,pesawat
0.00,5.00,6.00,6.00,2.00,0.01,-0.23,0.95,pesawat
0.00,5.00,6.00,6.00,2.00,-0.03,-0.21,0.94,pesawat
0.00,9.00,7.00,7.00,8.00,-0.86,-0.07,0.36,buruk
0.00,9.00,7.00,7.00,8.00,-0.86,-0.06,0.36,buruk
0.00,9.00,7.00,7.00,8.00,-0.86,-0.05,0.35,buruk
0.00,9.00,7.00,7.00,8.00,-0.87,-0.01,0.34,buruk
0.00,9.00,7.00,7.00,8.00,-0.86,-0.01,0.36,buruk
0.00,9.00,7.00,7.00,8.00,-0.87,-0.00,0.37,buruk
0.00,9.00,7.00,7.00,8.00,-0.85,0.01,0.36,buruk
0.00,9.00,7.00,7.00,8.00,-0.85,0.02,0.38,buruk
2.00,6.00,6.00,7.00,7.00,0.35,0.41,0.79,disini
2.00,6.00,6.00,7.00,7.00,0.34,0.44,0.78,disini
2.00,6.00,6.00,7.00,7.00,0.34,0.40,0.78,disini
2.00,6.00,6.00,7.00,7.00,0.34,0.40,0.79,disini
2.00,6.00,6.00,7.00,7.00,0.35,0.41,0.79,disini
2.00,6.00,6.00,7.00,7.00,0.35,0.28,0.76,disini
2.00,6.00,6.00,7.00,7.00,0.34,0.39,0.81,disini
2.00,6.00,6.00,7.00,7.00,0.34,0.38,0.81,disini
2.00,6.00,6.00,7.00,7.00,0.34,0.38,0.81,disini
2.00,4.00,0.00,7.00,7.00,-0.18,-0.99,0.21,3
2.00,4.00,0.00,7.00,7.00,-0.20,-0.99,0.14,3
2.00,4.00,0.00,7.00,7.00,-0.21,-0.00,0.03,3
2.00,4.00,0.00,7.00,7.00,-0.24,-1.00,0.05,3
2.00,4.00,0.00,7.00,7.00,-0.22,-1.00,0.08,3
2.00,4.00,0.00,7.00,7.00,-0.23,-1.00,0.05,3
2.00,4.00,0.00,7.00,7.00,-0.22,-1.00,0.05,3
2.00,4.00,0.00,7.00,7.00,-0.22,-1.01,0.07,3
2.00,4.00,0.00,7.00,7.00,-0.21,-1.00,0.07,3
2.00,4.00,0.00,7.00,7.00,-0.23,-1.00,0.06,3
4.00,5.00,0.00,7.00,10.00,-0.04,-0.95,0.37,7
4.00,5.00,0.00,7.00,2.00,-0.06,-0.96,0.35,7
4.00,5.00,0.00,7.00,2.00,-0.06,-0.96,0.34,7
4.00,5.00,0.00,7.00,2.00,-0.06,-0.97,0.32,7
4.00,5.00,0.00,7.00,2.00,-0.06,-0.97,0.32,7
4.00,5.00,0.00,7.00,2.00,-0.06,-0.97,0.33,7
4.00,5.00,0.00,7.00,2.00,-0.06,-0.97,0.34,7
4.00,5.00,0.00,7.00,2.00,-0.06,-0.97,0.32,7
1.00,7.00,6.00,7.00,7.00,0.16,-0.74,0.68,makan
1.00,7.00,6.00,7.00,7.00,0.12,-0.73,0.68,makan
1.00,7.00,6.00,7.00,7.00,0.11,-0.72,0.69,makan
1.00,7.00,6.00,7.00,7.00,0.09,-0.73,0.69,makan
1.00,7.00,6.00,7.00,7.00,0.12,-0.72,0.70,makan
1.00,7.00,6.00,7.00,7.00,0.13,-0.72,0.69,makan
4.00,9.00,7.00,7.00,7.00,-0.65,-0.40,0.55,minum
4.00,9.00,7.00,7.00,7.00,-0.69,-0.39,0.55,minum
4.00,9.00,7.00,7.00,7.00,-0.72,-0.38,0.51,minum
4.00,9.00,7.00,7.00,7.00,-0.69,-0.41,0.48,minum
4.00,9.00,7.00,7.00,7.00,-0.75,-0.33,0.49,minum
4.00,9.00,7.00,7.00,7.00,-0.75,-0.32,0.49,minum
4.00,9.00,7.00,7.00,7.00,-0.74,-0.33,0.49,minum


